x,y
57.75273623888076,18.140257608214938
59.25427663455476,18.862219822372754
62.67958378963312,-5.906728689393784
51.779842976972155,10.71057558386678
73.93525604757106,-1.4192041089097494
66.7456268474075,19.528560187725468
51.36559885864622,4.863998577179978
51.2961072750394,8.399768125528889
69.28151345237613,-4.894818032918124
64.17445006879257,19.804729842647255
53.38433471624005,-0.2538065500626594
74.0644765468242,-1.266648596618376
74.3392682933008,14.752881102661132
51.72411751790645,10.534759383723912
69.71501977623514,-4.698125345124531
51.51164861933893,9.68653883032091
75.0911316879478,0.17703535234007273
51.24299569107207,7.918142042969858
59.80488752628179,19.06851890410509
52.96123812696304,0.42762189617674284
57.91989600907868,-4.397575553721477
56.00832495940743,-3.1210166902352725
76.5373550879291,10.330997675486591
56.283635056980216,17.171546024046933
67.95366910124037,-5.393849511041424
70.06066667352688,18.349035196206863
57.39518313670163,-4.099128617227741
76.98476769973695,6.373248081470792
61.957678242332584,19.629561560406756
54.897557133252846,15.950044708468312
52.693854672356125,12.931427131072939
63.13773216766685,19.771521181885248
51.901920952956445,11.098594828877228
52.161039353274774,2.0347843047793104
73.7837195781834,-1.6028578334617372
74.4860248296853,-0.7328105709026334
58.448118071468635,18.503428490950444
75.39754180862639,0.7050375581654293
51.724170934036806,3.2949655816427885
55.4194804580616,16.450272642753305
74.8843044537019,13.975764145950453
58.022842975217195,18.28846162615762
75.73058230817391,1.3588984128369344
51.81715105827977,2.976408774534787
54.16555174002799,15.129980204578441
75.95138798549296,12.000755251797063
57.810178920246415,-4.3471146586147515
51.22045681297803,6.29041101125011
76.97845536880911,6.33299097973548
61.36383205726665,19.50924317867402
13.225908284602232,14.739588068132225
3.433022648685353,7.952591158858244
15.913490027077152,4.243370180445107
6.125353823475921,2.920489418307808
17.25588235939613,7.625607118078617
12.411127154829082,1.7891635189882633
5.54417633447212,13.422023347378564
11.585308859891203,1.583961702377926
9.607742474677929,1.516938008182514
4.865959528168073,12.661434797513454
3.6619785005621575,10.253762415347143
14.460754190992144,2.82128260888308
3.425536833792129,8.702095270949323
3.559446094735624,9.793692518770392
12.979110403162403,1.985827321173156
13.929980767423901,2.465487543630699
3.9704971348414038,11.126378923085934
5.727064994481044,3.2542663197831647
7.880484566842,1.9333858187722637
11.436600152095863,15.281400854043287
13.279265498643646,2.1214133279744303
16.7086254613108,5.614559383504101
5.305771457696339,3.6564303769236703
3.4882259516275553,7.39534215564268
15.982561355325497,12.499786066002198
4.207884948625637,11.629260737981413
17.190596044588673,9.660854666942477
3.802934423582337,6.132334110477087
6.2605831278140425,14.028891412336879
5.445627623412386,13.328060316074025
16.775656808844165,11.074290516372997
7.111597724331695,14.551794729627265
8.951097373310668,15.219744410962644
6.975235005892436,2.352209072136624
3.9951634517259054,11.197267323690767
15.792063020709827,4.090035464516946
4.584920005353032,12.27869859493163
5.725979730897857,3.2471954097580014
3.647800235546569,10.182758725713942
15.744099502121948,12.800149527770486
8.382504662026507,1.7608771071901996
9.759486402986457,1.5039184646865005
6.972142089921799,14.475643951158974
3.6263577435620986,6.7144981684492935
6.37422014527434,14.107435411055832
7.698196951133551,14.837128961529203
6.288558075841121,14.047283271827315
14.702525049204905,13.83842653882596
4.051200007135715,5.529215026158843
4.213031430736098,11.655269072903293
77.36000252333041,32.35690674467659
98.09207675557597,44.49121954376129
98.02078750108763,9.872548265452437
97.63230175021927,9.796686445100384
77.1665689313528,22.712722211356237
79.10813970489632,18.090872030056453
77.1077826939251,31.458987656873823
111.79179405093862,24.389352926854205
77.698126317642,33.374308298211595
85.52111164300942,11.805870275109262
84.77123638322875,12.260000783107198
110.28679364200335,34.831652286628085
109.2104503412066,17.618515172641168
106.96059784247272,14.804068571103297
109.31769695223704,36.583787761512916
85.19574209434214,11.994815476107206
80.76921220046752,38.627112904299935
77.18125349419084,22.634456072789973
104.9687818035101,41.33492551123393
110.7705388546973,20.671918162030643
110.81875422474964,20.785742641294345
111.94207278720776,28.814447261157753
101.585086197859,11.038554286718298
91.80417480417478,44.730298751486245
83.43173434426586,41.18279312238518
107.2204955396999,39.31777236319342
87.47425370903343,43.533931729832915
109.83530571499278,18.674904036974837
86.04946496269481,11.518698218474858
107.51899229749301,15.389714111214559
93.90627191599553,44.903584485898946
110.60360267136952,20.246854498970997
85.3216119777385,42.45933568046713
104.76157359653216,12.893744871626932
97.5943485027957,9.782309995205516
110.57504768548549,20.183194741650546
100.33036351517781,10.528953336918303
110.17369818029603,35.053195782550766
79.06527878686391,18.153627229057506
81.46305789625961,39.395484125935006
111.56266680162364,31.183420371362992
93.73497225292384,44.89211668942384
111.93453631431629,25.426276678628028
80.59149710069113,38.41203560230817
90.02235289610931,44.37945550048053
84.6979430134504,12.3102021655293
106.06400880079079,13.945303857364573
81.24979158080119,15.21363507921798
83.39631700410294,13.228388355100666
108.73333920609728,37.462037163824505
